4
0.3373806990146131
0.008014687478190341
-0.7268853645991458
-0.5364706467072204
-0.20532610611624635
0.5432210836996001
-0.19503608005345785
0.287705471732574
-0.5778790249665942
-0.09946168100077557
-0.3046688622835392
-0.3197671503582433
-0.46684828501418174
-0.7443689419681845
0.28648307068066736
0.40791904352230257
0.3300447231034389
-0.22825611457941863
-0.26194873256514883
0.6735385860415362
-0.2265130169461267
-0.6404702950200611
0.1906988729179384
0.869086523302824