0100001111101011 1000010011010110 0010101010101100 0000101111010011 0010110110000011 0111110001001000 1101001001100000 0110010010100001 1011110111100111 1000110110001000 
1101101111100111 0001110010111111 1001001111111001 1011100110110010 1111101111111100 0000111110100111 0011100100100100 0011000110000010 1111110100100001 0100110111111011 
1010010011000100 0000000000011100 0000100110111000 1000101011110010 1011101110010001 0011101011000001 0011011010011000 1100000100011010 1011010010001001 0101110110000101 
1101001100101101 1100011100010001 1100000111110101 1100001011011010 0111001000000010 1011000010001011 1000011100100001 1001111101110000 1000011100111001 1111110101011110 
1111000010010111 1111100000100110 0001000100001100 0100100011100001 0101001011110110 0011011100111111 0110111110001011 0110000001000010 0011110000101101 0011111100111101 
0100010011111111 1010100100001110 1100000111011010 0100010100011011 0001101100111011 0000110110010100 0111000011011001 1010100101101010 0000110001001001 1110100111110110 
0011110010100111 0110011010111110 1101110010100101 1000011101100010 0111110101011110 1011010100010110 0100001100101111 1100111100110110 1101111011011100 1100001101000000 
0011101101011001 1111100011011001 1000011100111110 0010101011101001 1100000011011101 0100010100110100 0101010110110100 1000011110010011 1101000100101001 1101001101110110 
1111011011011101 1100001100110000 0101110110000100 1001111010101110 1000010110010111 0001010001111011 1111101110011100 1101111001111000 1101000101100011 1001101010001001 
1001011111010100 0011000110010111 1111111101111001 1101010110110110 1101000100010011 1011000111101110 0011010110101110 0011001101101001 0111100111000111 1111110110000101 
1010110100111000 1111110001111110 0000000011010111 1010111111111111 1001000110011101 1111110001001111 1000100111101101 1010100100101110 0110111001001100 0010111000001001 
0000010101011011 0100001011101011 0111011101010010 0000100111010110 1001000101110101 1110011111010011 1010010011001001 1110010100001101 0101011010101000 1010101010000001 
1100000010010000 1111011110011001 1111101101011110 0010101000011100 1111001101111001 0000011101110011 0000110100100001 0101001010110011 1110010001011111 0000101000110110 
1111110001111110 1110001100100001 0011000111110001 1101001100110101 1010011010101101 0100110101000111 1000011001001010 0000000111001100 0000110111010111 0000010100011000 
0101000010101111 1100011000010101 1001000100011101 0001111010101011 1101110001111110 1000110010010101 0100100011000010 1101110111010110 0100111111100100 1011010010110011 
1111110000101101 0011010010111000 0001110010010000 0001010010001100 0111000011000101 1100001010101100 1111101110111111 0001101010000001 0010110011011110 0001110100100001 
1111011110000110 1001000111001000 1100001100110100 1011011111011011 0111100100100010 0111011100011100 1111001000010101 0111100000101001 0001100000100110 1011111101011001 
0101110011100111 1010100101001010 0011100110111001 0000000101111010 0011010001111101 0111010111000011 0001110110101001 0101001010101111 1011110011111110 0100111001100100 
0010000011101010 1110000110010011 1101101101111110 1000110000100011 0110000000011000 0010101101000011 1100101110010111 1010110110110110 1011100110000001 1110010110110100 
1010111101110000 1111000110010100 0011101000010000 0110000000100011 0001001110101010 1111010011010011 0000111111011010 1011000010110100 0001000110011011 0001111110001010 
