4
-0.41598016981772923
0.3663679040192809
-0.5489695167885604
-0.8546695922093543
0.02194654289026654
-0.8165123728596215
-0.4966598962696618
-0.27643124414026454
0.27380886413237104
-0.33953930990671943
-0.5931434933627893
0.8528687590420758
0.028807461128798506
0.7829751322432383
0.938257204808354
0.8853379384891784
0.01817435981421478
-0.512026888828391
-0.8440849314855066
0.24665665262909497
-0.9812425868873622
-0.7998598604333038
0.7607134849732851
0.23769723930414255