4
-0.4403620622881024
0.08894376730172926
0.9463243040437088
-0.1083855612900877
0.4157178744538652
0.08129664124736458
0.18836327150602172
-0.60726030690606
-0.5477659999219553
-0.8454481361318271
0.3411417119976756
-0.26191830779550784
0.14813119650345663
-0.9438476452861959
-0.08818871717824273
-0.0007663613807216141
-0.29770450821988703
0.5453807265456858
0.906533568535483
-0.6160301691768428
-0.03470492761191846
0.8756695903552991
0.04026887185687533
-0.3233226412178225