5
0.030057350387515003
-0.9722890159997188
0.5618662162169301
-0.5794381876871972
0.02553636956911509
-0.8442260554243335
0.1868524853552842
0.6380767021964675
0.4596880568187949
-0.5819783218428463
0.8647397390276861
0.015051942010414932
0.4509198524256992
0.15119519622686184
0.11499209648190334
-0.5288592251180706
-0.286246727079146
0.8578968939507141
-0.8206566745404185
0.1644972993866256
-0.862795578499044
-0.4419912125580123
0.5247193669295322
0.36854376975594705
-0.7709983637506512
-0.9896256683188787
0.8653689002521356
-0.2535655792293676
0.6533850128399941
0.5076178364719837
-0.41862396645163913
-0.05915180743080284
0.01098413156430178
0.5999235304506079
-0.4083262382641746
-0.36274192669755156
-0.6914265386789669
-0.5015915823816588
0.6084741674504137
-0.7094366844425084