5
-0.3714681381976459
0.28558200131906064
-0.15012751385295764
-0.6316904871806268
0.08016055897193053
0.6382906906273671
-0.808886285601609
0.24473375202384307
0.4224630566898282
-0.31896218247948793
-0.2375301058062691
0.6864617637253703
-0.4886883936243478
-0.2253232645030454
0.21675745976610772
0.1662006916135237
-0.27013026888816616
0.4333427365857878
0.2222018961115899
-0.9638355435573676
0.5448751413921911
0.14623382136316
0.005738203659307661
0.8675990164738079
0.8680609651888405
0.8967760422684035
-0.5120694567598791
-0.5144463561034602
0.6944308662073913
0.4846575895092129
-0.3272422337751162
-0.2856447998791318
0.6145216305007528
-0.0496965822647204
0.7472396109259261
0.503803199468108
-0.9263301629592409
-0.2421485087952009
-0.3958467141178559
-0.38732761241666536