4
0.36831090433653935
-0.5312248496674743
0.22027062024948374
-0.30873058104463236
-0.17021946702031832
-0.09974878797008468
0.8793410306041349
-0.027740903313585363
-0.8203029434482465
0.7263452619085424
-0.8339559301479751
-0.336149114301012
-0.6138292866375037
-0.4644633175912509
-0.21748429625817112
0.8003175166776877
0.8576459998498955
0.2691454727273388
0.5438034976673567
-0.9351126814282797
0.7753045550546225
0.392856994571088
0.7450739672539246
-0.21899535197196385