5
0.40731599737133806
-0.4462030193194153
-0.18973251152526838
-0.8272113614322811
-0.5845752535184057
-0.5413211115159735
0.029766697963648392
-0.5382087279457366
-0.40170716805409
-0.8792576591434011
-0.6898191236251285
0.4848549328840035
-0.9508516430262408
0.31539463164493853
0.268700415711975
-0.8621426845930071
0.5057742408263388
-0.36457303468892177
0.7797571559297496
0.8692758860043026
0.33240276115243184
-0.5201200800841461
0.45942927391953226
-0.025401368104326805
-0.07957283989091102
0.03237294966497162
0.7533018272985335
0.7805432636826741
0.11030248839788004
0.663281282875618
0.8412905177008725
-0.5636554087956809
0.38921726814924873
0.746898317421913
-0.631362760750406
0.9341231117454565
0.5407301544703647
-0.9862182195023519
0.6902415228092247
0.5827490153300703