4
0.2584040974920303
0.9516984669557373
-0.8785063696031075
0.9583514142612417
-0.5944553727948325
-0.6620919757858912
0.8187959416211767
-0.7304783020699328
-0.38559599304795444
-0.40915763852329534
0.2270728789083858
-0.8824442596961628
0.38119820771949153
-0.4071860688127107
-0.4345478992851741
-0.9362194054639212
-0.3723000709005746
-0.3615449325307811
-0.4926016987349351
-0.05890000044057642
0.6177652706829242
0.7124235627435658
0.1761724725280167
0.23232159115659123