5
-0.34030643502598523
-0.7021430057640738
0.6337120313457367
-0.15560305665106555
-0.8845462864890579
0.8563153463342481
-0.3457519957121906
0.25545943860736675
0.32859643910463276
0.7324205147349847
0.22217760768385286
0.8725428060556994
0.34365867455630283
-0.4923592872911733
-0.9259461289845314
0.9870492414814538
0.824560852780112
-0.573480591329651
-0.10349312280519563
0.27569210651390996
-0.18473156331454232
0.2824001328734471
-0.942742411354647
0.187671082885992
-0.24853756330477883
-0.39058203497442934
0.9937472260643503
-0.7037669623058744
-0.3506791270183971
0.46209282853856304
-0.6421565027842533
-0.5674246382353367
-0.8428176732360175
-0.2249926491380152
-0.49309982974691136
0.8212110843732334
-0.8257227547950232
-0.26328459257080605
-0.20553508493675432
-0.9580620914614286