5
0.6502741978873927
-0.6554619667872701
-0.8839276885071425
0.18323644560227415
0.910866351920439
0.15289647822558416
0.45949855203198964
-0.18771747302947417
0.7746624831003326
0.5910224176858714
-0.918175383691048
0.16521130368532755
0.20310477054553666
-0.34173407701182046
-0.2771780823368586
-0.5937740718277247
0.6639246988009242
-0.08737002897768353
-0.9124324603037088
0.3946171285519957
-0.19516466478226957
-0.2939171780645362
0.4148613431517201
0.9760283736632835
0.46425740179902264
-0.04018378507080822
0.9208618672927582
-0.8438933589356632
-0.6526780684376832
0.3800310380005667
0.24490020968499682
0.02433975269787636
-0.5556056399690492
-0.1230019381344527
0.038546034919109795
-0.9847547873356239
0.7728447049055196
0.7124514038676983
-0.06729238783203528
0.20084886168648342