0111000111111011001011100 1011111111001110011000110 0100111110010011111100001 1000001011011010111010110 0100101010011011000010001 0010001100101000101001100 1011011000011000101101010 0111110000000011101110111 1010111000100000010010110 0000111110100000011010110 
1111000110101110011000100 0101101011101010111110101 0011100111101011110001111 0100101101001110011010001 0011110001010110111111001 0100101101010110110111101 0100000101101011000011010 0110000001010110011000010 1101101000111000110111010 0110010110000011001101101 
0100000000001000110011011 1100110110001100010101111 1000111010000111101010100 0100011111000011101010011 0001000011000111111111010 0010101001011000111111001 1001001011100111010110111 0100001110101000111100100 0111011110110110110001100 0001000000101010001011101 
1100001001110000101111001 1001110111001101100011011 1001101100001011111010000 0011000000110100010001110 1010111010010011000000010 0111010100100000001101110 1010001111010111111001101 0011001010000010110010010 1110010111011100000101110 1100000000010111101110110 
0001111110001001100001001 1000110010111000000011100 0011011110001101001111001 1010110110111111000100000 0010000011110011011110111 1100101010111111111010100 0101011011010111100100001 0001110000100110111000001 1101101000111000110000110 1000000000010110100001101 
1111100010101110001101001 0001011111010101000011101 0111000000111000011011110 0110111110110111000010110 0100100011001010101011100 0111011000000101110001010 0001010100100001100000010 1110110000000101010011010 0100111000000101110010000 0000101011000100100010111 
0111111010001000011100101 1000010000011110010010111 1101100000100111000001111 0111110001010001001111111 1101110100001101011101011 1110010010000010011111001 1011101001101101010101110 0000011111001010111010100 0011111110000011110111101 0111011110111100101110001 
0000111110101010100100111 1110001001011111010001001 0010100000101011010101000 1110000110101110010011111 1100010110001111011111010 1100000111010000101001101 0111101001111001101111101 1000001110001101101100101 1001110010100011110011111 1101010111110110110111000 
0010011010011101100011101 1010011111001110101000111 0110001001100011110011110 0010110010000100001011100 0010001010101011100011101 0001001000100001010101001 0000101010100101011101100 1111010110010111101101010 1110001010011110001010101 1100010111010001011000001 
0110001110001000011111101 0000001100011001000101110 1110110010011000001011001 1100011001011011000110101 1001000101001111111111101 0011010001001010010000000 1101110001001111010111101 1011101111110111111000110 1010011011000101111011000 0101100110010110111011100 
1010011011001111101100000 1001010010011110101010111 0010001100000100110100001 1000100010111000100100101 1111100000101101010000111 0111000010110100000111100 0001001111001000011101101 0010001110111000101001001 1101110010110100101100011 1001100110110001011111101 
0100000010000010111000111 0011111101111100011111110 0111110100110001000011010 0010001110111000000000011 1111000110100000010110111 0011010110111100110010111 1100111000010111010110100 0011001001110100011011011 1101111001110110110101101 0111010000101100000110111 
1010001001010100110010001 1101000110000010000111010 0111111000000000100100111 1000100100100001001110101 0101111010000001110100000 1001001011111010000110010 1001011101001010100011101 1011010101111100111111100 0100111000001101010110000 0110001011110111100100110 
0010010010100000100111011 1110011000010110101011001 1100011111000011001111101 1010010101001101010101011 0111000000010000110000110 0010111000111000110001001 0100110001001100101010100 0101011111000100010001111 0110010011101101111000011 1010011101000110000000001 
1111000000010101110100000 1001010100001010110001111 0101010011001011110000110 1111000101011100000010110 1100110011000010011011100 0001000001101001001101101 0011001001111000111010100 0100001110110110110000000 1010000111101010100110010 0110110100010000101111011 
1000101000001110101000010 0100100111110000111101110 0101000000011111010100010 1100000101100000100111100 1100110010110011111111011 1111111011110010010100100 0100110100001110011111100 1100010111111010101000101 1110111101000101010011001 0001111010101010111010100 
1011011010011100110101001 1001110011010010000010111 0001100010001001110101011 1010101011010001011101011 1000001000011100110001001 0010000111011000100010100 0111111010110011011011011 1110110111111010001111011 0110010001010011100111011 0000001100010101101110000 
0110001100001101001100111 0100011100101100110011111 1011000110001001101000000 0000101010001010010000100 0110001000001011101011010 1001111000001000111100100 0111001111000100100111101 1101001111100111101100010 1111000100101101101101101 0001110100111010110101000 
1110111101001001010010100 1110010010010110111100110 1110010111111111001010101 1111101101010101110010110 0001000100010010010110000 0101101011010000110111111 1011001101101100001100111 0010000100000001100010011 1111111100000011011010111 1010000001010100011010011 
1101100011110011101011000 0110011011111010100111100 0010100101110011010011101 0011110101000001110101010 0111000001000011100010000 1001101010010110111111011 0010000010101101100000001 0110111111101110111011111 0010101100100010111110101 1011100110011000000000110 
